-0.503597,-0.637062,-0.719313,-0.58205,-0.566927,-0.554356,-0.679485,-0.509248,-0.627865,-0.546833,-0.632528,-0.63706,-0.574867,-0.482066,-0.665794,-0.520601,-0.672177,-0.599834,-0.556757,-0.535034	-0.119304,-0.0754798,0.0110765,-0.067017,-0.049017,-0.133491,-0.115755,-0.0610922,0.0138205,0.0297932,-0.0932057,-0.12118,-0.101457,-0.144701,0.0392416,-0.0332476,-0.0458342,-0.0377645,0.0183003,0.0030388	-0.408857,-0.58995,-0.724616,-0.535938,-0.532713,-0.454499,-0.611855,-0.462546,-0.636165,-0.567382,-0.57311,-0.559036,-0.502731,-0.362663,-0.687084,-0.495938,-0.646253,-0.575097,-0.569257,-0.537199
-0.521784,-0.693364,-0.775481,-0.597321,-0.631038,-0.602989,-0.732995,-0.567192,-0.661396,-0.601313,-0.686411,-0.695409,-0.639254,-0.541399,-0.7226,-0.606436,-0.711883,-0.659751,-0.620856,-0.573406	-0.0471613,-0.0513932,-0.00832661,-0.0259162,-0.084379,-0.127863,-0.0185076,-0.0325369,0.039056,0.0479884,-0.0720485,-0.0598028,-0.0440285,-0.0476309,0.0212924,-0.0546858,-0.000249635,-0.01073,0.0328806,0.0360442	-0.486597,-0.665693,-0.77214,-0.58039,-0.577404,-0.514819,-0.724313,-0.544708,-0.682814,-0.63109,-0.646327,-0.663187,-0.612464,-0.506838,-0.732621,-0.570675,-0.71176,-0.653648,-0.640658,-0.597109
-0.13085,0.0500351,-0.0119609,0.0300613,0.00911292,-0.0591851,0.0653863,-0.00961186,0.150348,0.0522462,-0.189014,-0.0280167,0.0863984,0.0333953,0.126738,0.0756972,-0.00437964,0.0236899,0.092016,-0.0421502	-0.383959,-0.462023,-0.549345,-0.392327,-0.409378,-0.426499,-0.536164,-0.37744,-0.471976,-0.371693,-0.417256,-0.481875,-0.404019,-0.3931,-0.518737,-0.342443,-0.498803,-0.442531,-0.425434,-0.38727	0.266498,0.500488,0.540939,0.417465,0.416936,0.376826,0.581175,0.369167,0.58109,0.415863,0.247784,0.460069,0.473876,0.420969,0.605657,0.407575,0.495505,0.461384,0.497956,0.350847
-0.555649,-0.69658,-0.788206,-0.62897,-0.653541,-0.63658,-0.762793,-0.615707,-0.681619,-0.643437,-0.674805,-0.719053,-0.666187,-0.585135,-0.73988,-0.636347,-0.758698,-0.677663,-0.64559,-0.619629	-0.0446976,-0.0183671,-0.0175175,-0.0496022,-0.0833559,-0.16403,-0.0412716,-0.0613623,0.0424079,0.00506944,-0.0675532,-0.0896971,-0.0743313,-0.0945855,0.00904474,-0.0788981,-0.0499339,-0.0310635,0.0223537,-0.0269679	-0.523965,-0.687002,-0.781478,-0.598025,-0.603036,-0.527646,-0.744974,-0.576111,-0.703687,-0.646398,-0.636256,-0.672746,-0.622691,-0.51929,-0.743946,-0.586916,-0.736673,-0.660503,-0.658441,-0.602733
-0.4533,-0.63377,-0.75657,-0.516242,-0.564108,-0.547919,-0.677235,-0.493787,-0.599464,-0.580323,-0.658189,-0.561609,-0.513045,-0.504041,-0.642032,-0.488761,-0.698802,-0.627811,-0.584232,-0.468587	-0.0354467,-0.00622152,0.00789245,-0.00819058,-0.0769011,-0.110466,0.0195575,-0.0437957,0.0679788,0.044235,-0.0681127,-0.00963547,-0.0335814,-0.115779,0.0842131,-0.0515359,-0.0194415,-0.0355469,-0.00444921,0.0295265	-0.424677,-0.630033,-0.759925,-0.510209,-0.5093,-0.465637,-0.687684,-0.459938,-0.641309,-0.608927,-0.617772,-0.554976,-0.487869,-0.412323,-0.688993,-0.448523,-0.688717,-0.605783,-0.581294,-0.491316
-0.0726722,0.00853286,0.0857524,0.11496,0.0691978,-0.109596,0.140863,0.0430192,0.183451,0.119216,-0.245966,0.116222,0.0891546,0.0194899,0.152342,0.0555329,0.136108,-0.0115568,0.0815683,0.0116639	0.0559632,0.183962,0.261248,0.110128,0.118918,0.00613749,0.335932,0.0411861,0.238508,0.200418,0.0894031,0.194937,0.133753,0.00891435,0.267898,0.128104,0.293268,0.162251,0.154264,0.116253	-0.128114,-0.175705,-0.179518,0.0048939,-0.050133,-0.115656,-0.204759,0.00183634,-0.057576,-0.0831895,-0.328153,-0.0805394,-0.0451371,0.0105774,-0.120473,-0.0730908,-0.163695,-0.173482,-0.0736225,-0.104731
-0.549452,-0.759741,-0.851096,-0.667337,-0.633775,-0.600537,-0.785642,-0.635074,-0.752936,-0.668062,-0.713577,-0.704386,-0.662714,-0.575284,-0.779644,-0.632076,-0.789156,-0.688986,-0.730512,-0.656932	0.0387835,-0.00731638,-0.00303365,0.016796,0.0449378,0.0454332,0.0131319,0.0321644,0.00152248,0.0943465,0.0233658,0.062273,0.0748168,0.0764647,0.0860702,0.0893132,0.0373807,0.102453,0.0314756,0.0308373	-0.575962,-0.75663,-0.850258,-0.67655,-0.659918,-0.628813,-0.790617,-0.653882,-0.753595,-0.717203,-0.724857,-0.734443,-0.70269,-0.624287,-0.811274,-0.682841,-0.802853,-0.739256,-0.744861,-0.674113
-0.493515,-0.721825,-0.81738,-0.599728,-0.599455,-0.532537,-0.755218,-0.563656,-0.708764,-0.615686,-0.658025,-0.689532,-0.644664,-0.514449,-0.756355,-0.604012,-0.754905,-0.634592,-0.697761,-0.610002	0.0778208,0.0536898,0.00198907,0.0570313,0.08243,0.0911681,0.0482652,0.0747204,0.0586199,0.133311,0.0888385,0.0306994,0.0264508,0.0882996,0.0764213,0.09302,0.0514827,0.136306,0.0419642,0.0874491	-0.550205,-0.746581,-0.818039,-0.635039,-0.649777,-0.594826,-0.775226,-0.612577,-0.736773,-0.692184,-0.705615,-0.705301,-0.659863,-0.576558,-0.78727,-0.659952,-0.77622,-0.709525,-0.718681,-0.66213
-0.064061,-0.176006,-0.170044,-0.0963606,-0.122035,-0.0762296,-0.221218,-0.110344,-0.081679,-0.143359,-0.164965,-0.172395,-0.154423,-0.152841,-0.15975,-0.130079,-0.120663,-0.139266,-0.0887846,-0.0824735	0.061608,0.0251288,0.0410846,0.00876005,0.0157171,0.0524218,0.0354361,0.0589751,0.0692859,0.0209601,0.0226232,0.0783286,0.0809954,0.0821344,0.0391646,0.045356,0.0687656,0.0640501,0.101022,0.0714444	-0.125175,-0.200249,-0.209664,-0.105032,-0.137488,-0.128139,-0.254658,-0.168224,-0.150115,-0.163827,-0.18689,-0.247383,-0.23251,-0.232062,-0.197678,-0.174406,-0.187869,-0.201519,-0.188119,-0.153016
0.160852,0.160148,0.0428892,0.110424,0.100963,0.0967458,0.110986,0.15315,0.180448,0.0781561,0.166289,0.163397,0.0957649,0.1371,0.170212,0.175012,0.0839964,0.16154,0.148074,0.182218	-0.498941,-0.729338,-0.847978,-0.684687,-0.685005,-0.631605,-0.785558,-0.604835,-0.766074,-0.698853,-0.660467,-0.713093,-0.696327,-0.584359,-0.806998,-0.629434,-0.772354,-0.718328,-0.715286,-0.63359	0.610775,0.796458,0.859604,0.739222,0.735127,0.686407,0.824646,0.693725,0.831569,0.736767,0.74494,0.785022,0.742574,0.667946,0.859191,0.724622,0.804179,0.788385,0.780675,0.73137
-0.120133,-0.212232,-0.200358,-0.140997,-0.152444,-0.112929,-0.287044,-0.175398,-0.155172,-0.187841,-0.198598,-0.196847,-0.19847,-0.172487,-0.203166,-0.160838,-0.201275,-0.156461,-0.13479,-0.106793	0.0697349,0.0240525,0.0477966,0.00935506,0.0454031,0.0513634,0.0446229,0.0616451,0.0469996,0.0258026,-0.0755462,0.0937513,0.0738488,0.101794,0.0373607,0.0556026,0.0885625,0.0754131,0.1054,0.0762617	-0.188291,-0.235084,-0.245801,-0.150154,-0.196487,-0.163345,-0.327472,-0.234508,-0.200708,-0.212614,-0.124927,-0.285332,-0.268386,-0.269549,-0.238715,-0.214522,-0.284762,-0.22917,-0.236825,-0.181576
-0.0236029,-0.0925673,-0.130117,-0.0342823,-0.0297222,-0.0417287,-0.20454,-0.04234,-0.0787874,-0.111582,-0.103288,-0.116191,-0.0613086,-0.102592,-0.0942753,-0.0761061,-0.0318655,-0.0790518,-0.0754703,-0.0212058	-0.0238921,-0.0206259,0.0115675,-0.0995224,-0.0477148,-0.0131694,-0.0781005,-0.0384955,-0.069612,-0.0118294,0.000984079,-0.142593,-0.0916263,-0.0196735,-0.0772109,-0.139718,0.0972995,0.0114589,-0.0230787,-0.108769	0.000289422,-0.0720791,-0.141471,0.0654634,0.0180182,-0.0285749,-0.128492,-0.00385078,-0.00922597,-0.099884,-0.104261,0.0268461,0.030489,-0.0830865,-0.0171895,0.0642953,-0.128766,-0.0904288,-0.0524829,0.0877655
0.0167816,-0.0603823,0.0281176,0.0706666,0.0503991,0.00809347,-0.103798,0.0437258,0.0812533,0.121155,-0.0283172,-0.0368747,0.0110905,0.0285017,0.0543815,0.0107009,0.00549238,0.0042716,-0.0181111,0.0749889	-0.338816,-0.55961,-0.671429,-0.520195,-0.502077,-0.404939,-0.616638,-0.455987,-0.593491,-0.471062,-0.443344,-0.571568,-0.503455,-0.387799,-0.62392,-0.468725,-0.595307,-0.504581,-0.550187,-0.45447	0.353587,0.516687,0.686585,0.569911,0.538841,0.411683,0.547909,0.489944,0.643703,0.560243,0.420304,0.546205,0.511688,0.41175,0.656043,0.477033,0.598841,0.507758,0.537432,0.512009
-0.299394,-0.425472,-0.506401,-0.333831,-0.322428,-0.332759,-0.437941,-0.349203,-0.397359,-0.355956,-0.380987,-0.401988,-0.401247,-0.397264,-0.437848,-0.356231,-0.444899,-0.430508,-0.419426,-0.339988	-0.0635159,-0.00550609,-0.000965242,-0.0229114,-0.0618137,-0.0599847,0.0116865,0.00785861,-0.0366994,-0.0184968,-0.024302,-0.028426,-0.020442,-0.0176382,-0.00872661,-0.00315044,0.0204719,-0.0757061,0.0216385,-0.0317921	-0.240451,-0.420952,-0.505683,-0.313316,-0.265914,-0.27833,-0.447338,-0.356085,-0.365997,-0.339696,-0.360018,-0.37788,-0.383954,-0.382305,-0.430768,-0.353477,-0.461171,-0.366755,-0.437098,-0.311563
-0.245364,-0.389801,-0.393369,-0.280419,-0.293375,-0.270978,-0.372586,-0.301639,-0.341804,-0.301859,-0.342233,-0.35545,-0.316116,-0.325096,-0.374855,-0.30689,-0.37378,-0.34325,-0.348851,-0.272982	-0.0705282,-0.0282766,-0.0329421,-0.0936012,-0.080265,-0.0781364,0.0274553,-0.0447608,-0.060048,-0.0416929,-0.0646136,-0.0484579,-0.000530705,-0.0348602,-0.0226446,0.00320262,0.00734538,-0.0559753,0.0214373,-0.000644284	-0.177914,-0.365554,-0.365158,-0.191853,-0.21825,-0.197013,-0.395991,-0.260394,-0.28766,-0.263482,-0.283897,-0.312373,-0.315639,-0.293563,-0.355226,-0.309788,-0.380082,-0.292902,-0.36754,-0.272386
0.112651,0.0494141,0.0620615,0.0585177,0.0346812,0.026918,0.0307507,0.0582853,0.188176,0.0710608,0.0655976,0.0580945,0.0635834,0.0542951,0.0998633,0.0632714,0.0165419,0.0527411,0.121767,0.0953484	-0.57711,-0.801212,-0.866956,-0.727477,-0.740942,-0.698156,-0.853858,-0.69581,-0.785943,-0.744584,-0.749549,-0.80155,-0.766723,-0.703209,-0.843479,-0.725074,-0.824376,-0.792861,-0.76078,-0.707689	0.647656,0.818231,0.881584,0.753901,0.756192,0.711699,0.861976,0.724705,0.848613,0.774657,0.776945,0.821395,0.79171,0.729645,0.870055,0.753765,0.829604,0.811662,0.807722,0.752276
0.0696814,0.100087,0.152464,0.110563,0.0570406,0.139663,0.0761554,0.104776,0.211348,0.112575,0.104875,0.146079,0.130319,0.156369,0.167826,0.144703,0.0799085,0.170608,0.196581,0.123549	0.142121,0.144329,0.194347,0.165047,0.122361,0.181019,0.172306,0.185625,0.277103,0.175638,0.0482152,0.193812,0.179685,0.200588,0.220419,0.192343,0.200824,0.203994,0.257429,0.155441	-0.0731646,-0.0448907,-0.0431618,-0.055497,-0.06578,-0.0424284,-0.0974291,-0.082453,-0.0698459,-0.064335,0.0569476,-0.0491231,-0.0505499,-0.0456515,-0.0546124,-0.0490042,-0.122888,-0.0345889,-0.0640908,-0.0325165
0.0732494,0.107709,0.120755,0.100446,0.0710599,0.049323,0.114312,0.0998493,0.193962,0.112056,0.0637347,0.0944534,0.134411,0.0896324,0.133478,0.113239,0.0761664,0.114544,0.0981421,0.112215	-0.0553428,-0.0337085,0.0422843,-0.0730564,-0.0877117,-0.0480685,-0.0275007,-0.067512,0.0394416,0.0405048,-0.0289217,-0.173151,-0.132733,-0.0640692,-0.0594115,-0.132443,0.00865988,-0.00531218,-0.0365437,-0.13036	0.128073,0.140906,0.0788736,0.172238,0.157788,0.0971611,0.141368,0.166241,0.155712,0.071877,0.092486,0.263298,0.262462,0.152824,0.191372,0.242052,0.067551,0.119784,0.134205,0.239078
2.23906e-05,-0.037028,-0.00536278,0.0363509,0.0111216,-0.0199772,0.00705712,0.0180506,0.0904175,0.103939,-0.000944045,0.0269396,0.00108915,0.0098887,0.0264939,0.0307123,-0.0143135,0.027992,0.000841062,0.0494628	-0.431253,-0.634715,-0.739204,-0.580128,-0.582355,-0.495167,-0.679599,-0.552353,-0.636466,-0.554009,-0.534282,-0.646464,-0.613226,-0.532693,-0.693006,-0.551131,-0.672646,-0.586466,-0.613755,-0.544811	0.431271,0.612072,0.736762,0.603747,0.589658,0.479938,0.683379,0.564773,0.687329,0.622124,0.533607,0.661877,0.613905,0.539738,0.706528,0.572159,0.664732,0.604534,0.614279,0.57868
-0.20401,-0.307466,-0.412177,-0.267763,-0.238691,-0.264287,-0.299318,-0.241132,-0.309509,-0.237688,-0.290438,-0.263997,-0.252847,-0.244777,-0.312651,-0.26206,-0.343321,-0.289759,-0.305816,-0.229509	-0.0705833,-0.0496769,-0.0612054,-0.0515238,-0.0955603,-0.0928155,-0.0623297,-0.0257403,-0.0610101,-0.0350878,-0.0950339,-0.0892376,-0.0583726,-0.0512099,-0.0354358,-0.0566483,-0.0117585,-0.0768141,-0.010081,-0.044635	-0.135376,-0.261787,-0.360055,-0.219264,-0.146472,-0.175784,-0.241493,-0.216737,-0.253281,-0.204304,-0.200951,-0.178975,-0.197388,-0.196025,-0.280321,-0.208507,-0.332906,-0.217792,-0.296649,-0.186787
-0.134247,-0.242438,-0.23679,-0.180147,-0.180874,-0.167806,-0.184419,-0.155973,-0.225158,-0.158488,-0.188881,-0.169546,-0.140312,-0.133619,-0.198782,-0.18993,-0.253082,-0.179207,-0.211838,-0.147371	-0.067355,-0.0435479,-0.0395092,-0.0831994,-0.085818,-0.0805588,-0.00507929,-0.0404296,-0.0583414,-0.0400071,-0.0676747,-0.0661898,-0.0253722,-0.0387588,-0.00261124,-0.0326637,-0.0198943,-0.0541745,0.00556365,-0.00760457	-0.0675023,-0.201012,-0.199144,-0.0984223,-0.0965543,-0.0884425,-0.179508,-0.116277,-0.169037,-0.119237,-0.122776,-0.104529,-0.11535,-0.0953538,-0.196273,-0.158249,-0.234367,-0.126258,-0.217145,-0.139924
-0.623151,-0.811325,-0.877368,-0.742996,-0.753433,-0.71678,-0.868543,-0.720557,-0.813267,-0.768139,-0.762703,-0.805428,-0.782389,-0.712915,-0.85634,-0.740278,-0.836696,-0.8008,-0.775187,-0.725505	0.079185,0.0421122,0.0230254,0.033647,0.0537904,0.0081687,0.013439,0.0525898,0.124673,0.0340103,-0.109735,0.0725549,0.0403455,0.0639555,0.0744988,0.0491826,0.0517608,0.0439079,0.114404,0.0763914	-0.66931,-0.825241,-0.882564,-0.757701,-0.775783,-0.720729,-0.871806,-0.744919,-0.851595,-0.781727,-0.71261,-0.829509,-0.797559,-0.742994,-0.875016,-0.761727,-0.851577,-0.816016,-0.817125,-0.759787
-0.558873,-0.786803,-0.85966,-0.690334,-0.706125,-0.65912,-0.84162,-0.643295,-0.777805,-0.740673,-0.731794,-0.743068,-0.708418,-0.662983,-0.829293,-0.663193,-0.812241,-0.773217,-0.748994,-0.644488	0.056719,0.0230633,0.088004,0.0241158,0.00447827,0.0401434,-0.00249059,0.0407271,0.125925,0.030246,0.0517406,0.0284462,0.021526,0.0237135,0.0657268,0.014099,0.0268452,0.0237809,0.0777013,0.0703453	-0.596678,-0.795433,-0.881012,-0.70275,-0.708363,-0.681238,-0.840892,-0.666558,-0.82311,-0.754027,-0.754949,-0.755544,-0.71898,-0.676068,-0.848757,-0.671017,-0.82118,-0.782607,-0.781229,-0.683831
-0.366093,-0.538728,-0.580938,-0.357177,-0.420918,-0.423244,-0.618646,-0.3765,-0.522703,-0.421209,-0.496703,-0.49628,-0.441816,-0.377095,-0.574876,-0.396001,-0.529854,-0.490863,-0.465663,-0.407335	0.0111911,0.0604825,0.0950213,0.0731511,0.0418133,0.0623614,0.0322719,-0.00631162,0.105746,0.0465399,0.0710345,0.0118653,0.0701946,0.0582068,0.0991751,0.0761673,0.0653671,0.0993608,0.0905523,0.0298174	-0.375745,-0.580302,-0.640597,-0.419371,-0.454728,-0.473118,-0.638177,-0.37107,-0.595532,-0.458756,-0.548388,-0.50517,-0.496609,-0.425952,-0.637694,-0.458344,-0.575296,-0.562775,-0.53371,-0.431907
-0.702749,-0.86473,-0.920812,-0.798922,-0.793828,-0.76477,-0.896186,-0.778614,-0.878367,-0.809409,-0.793396,-0.843429,-0.82262,-0.773521,-0.891212,-0.794875,-0.87777,-0.838076,-0.849572,-0.787307	-0.0615742,-0.0301004,-0.0521912,0.000293611,-0.0242672,-0.0193088,-0.051964,-0.00471364,-0.0506424,0.00231094,0.0559237,-0.0146382,-0.00259649,-0.00317818,0.0172739,-0.0082816,-0.0224066,0.0306116,0.0115427,-0.00636402	-0.670174,-0.856934,-0.912473,-0.799028,-0.784676,-0.756634,-0.885457,-0.776751,-0.866258,-0.810205,-0.813237,-0.839151,-0.821778,-0.772241,-0.894712,-0.791806,-0.872524,-0.846959,-0.852753,-0.784876
-0.679001,-0.8506,-0.903813,-0.778414,-0.778569,-0.740416,-0.887996,-0.754973,-0.86921,-0.791543,-0.775567,-0.824838,-0.797246,-0.739991,-0.878557,-0.779108,-0.866391,-0.817788,-0.834359,-0.76603	-0.0602651,0.00187445,-0.0534834,-0.0378406,-0.00545778,-0.0218181,-0.0521758,-0.0196512,-0.0692117,0.00893086,0.0538904,0.00847577,0.0247821,0.0110508,0.0346257,0.0106389,-0.0443122,0.0357114,0.00705827,0.035218	-0.645135,-0.851117,-0.893522,-0.763049,-0.776411,-0.730397,-0.876426,-0.746395,-0.851206,-0.794855,-0.79618,-0.827528,-0.806101,-0.74495,-0.886223,-0.783255,-0.8549,-0.82928,-0.836491,-0.7802
0.143715,0.176529,0.267937,0.189501,0.187731,0.137275,0.312869,0.206069,0.295171,0.216432,0.0544883,0.183139,0.203177,0.183912,0.231879,0.209654,0.234843,0.207256,0.221052,0.16195	-0.0561888,-0.0122318,0.142045,-0.0433487,-0.0442227,-0.00208066,0.06108,-0.0452758,0.072631,0.079071,0.0195099,-0.135475,-0.114437,-0.0180412,-0.0176245,-0.087961,0.0453937,0.0510597,0.0214836,-0.116088	0.198302,0.188354,0.130873,0.230953,0.230043,0.139316,0.256694,0.249021,0.227416,0.139753,0.0350156,0.3109,0.310397,0.201286,0.248488,0.292226,0.191491,0.157867,0.200521,0.272907
0.00263872,0.00465897,-0.0163992,0.031877,0.0596709,-0.0152966,0.0181175,0.0276531,0.0771672,0.0848457,-0.117413,0.0337944,-0.00550458,0.00830862,0.0266273,0.0403744,-0.0205546,0.0326712,0.012312,0.0471919	-0.466913,-0.635086,-0.755826,-0.60316,-0.589423,-0.513766,-0.704266,-0.582951,-0.663323,-0.59003,-0.550099,-0.657646,-0.632261,-0.5539,-0.708209,-0.565486,-0.708566,-0.597569,-0.631047,-0.559957	0.468974,0.637858,0.748707,0.623058,0.62704,0.502417,0.713282,0.600917,0.704432,0.642701,0.462563,0.676408,0.628945,0.559633,0.721235,0.592337,0.69818,0.618171,0.638399,0.591517
-0.166287,-0.285524,-0.388126,-0.242231,-0.183859,-0.26131,-0.231736,-0.192684,-0.280476,-0.208398,-0.347603,-0.240192,-0.240258,-0.236321,-0.312571,-0.24091,-0.28905,-0.278044,-0.291133,-0.209757	-0.0932895,-0.059952,-0.0592304,-0.0684898,-0.0898891,-0.122157,-0.0604672,-0.039507,-0.0785238,-0.0567098,-0.124204,-0.101162,-0.0842666,-0.0786532,-0.0796742,-0.0715632,-0.0485297,-0.0905517,-0.0405219,-0.048045	-0.0741473,-0.2295,-0.336635,-0.176672,-0.0955489,-0.14374,-0.173703,-0.154352,-0.2065,-0.153502,-0.233479,-0.142492,-0.159215,-0.160654,-0.238845,-0.172318,-0.243942,-0.192335,-0.253603,-0.163358
-0.108221,-0.220183,-0.220001,-0.148082,-0.121816,-0.164923,-0.12132,-0.123593,-0.203968,-0.145382,-0.260214,-0.153904,-0.145714,-0.140885,-0.195087,-0.176721,-0.206606,-0.166487,-0.202037,-0.13811	-0.104828,-0.0559638,-0.0544507,-0.0950228,-0.0800065,-0.11152,-0.0194894,-0.0760907,-0.0879501,-0.0817863,-0.103119,-0.0897911,-0.0735544,-0.0845126,-0.0433952,-0.0586004,-0.071599,-0.0685449,-0.034733,-0.0239922	-0.00343205,-0.166268,-0.167558,-0.0538166,-0.0422212,-0.0544035,-0.102072,-0.0479531,-0.118137,-0.0643605,-0.161426,-0.0650113,-0.0729412,-0.0570513,-0.152987,-0.119357,-0.137035,-0.0990723,-0.168486,-0.114497
0.209428,0.191304,0.192264,0.336376,0.295368,0.189994,0.346372,0.306199,0.354033,0.183711,0.221777,0.384695,0.322422,0.29719,0.33938,0.366109,0.185986,0.156698,0.187566,0.384345	-0.185169,-0.45131,-0.645356,-0.304493,-0.325402,-0.284191,-0.446229,-0.266824,-0.422769,-0.476286,-0.334929,-0.266234,-0.255379,-0.239835,-0.452305,-0.149605,-0.547451,-0.453424,-0.452478,-0.161457	0.379866,0.591542,0.745161,0.581327,0.566337,0.449893,0.686495,0.529742,0.675671,0.606895,0.518213,0.590456,0.533844,0.501295,0.686331,0.488934,0.66566,0.569648,0.589974,0.513911
-0.280385,-0.39102,-0.450587,-0.379578,-0.342594,-0.324974,-0.399697,-0.363981,-0.394919,-0.286065,-0.34704,-0.446864,-0.42027,-0.385477,-0.448688,-0.429162,-0.392571,-0.367597,-0.40326,-0.396501	-0.036667,-0.0310781,-0.0523506,-0.0332265,-0.0773439,-0.0829094,-0.0713041,-0.0287387,-0.0399166,-0.0278184,-0.0816184,-0.087452,-0.0340576,-0.0904735,-0.0541142,-0.0503699,-0.0228182,-0.0730117,-0.0175009,-0.0299045	-0.246249,-0.364369,-0.407857,-0.350776,-0.27247,-0.248767,-0.338027,-0.338786,-0.360688,-0.260318,-0.273159,-0.374029,-0.39182,-0.305663,-0.404392,-0.387161,-0.373095,-0.30271,-0.388501,-0.370996
-0.213528,-0.33088,-0.292054,-0.295541,-0.304512,-0.260605,-0.318056,-0.284316,-0.325207,-0.222458,-0.27593,-0.4001,-0.353759,-0.319544,-0.358479,-0.381097,-0.297868,-0.276307,-0.348928,-0.33961	-0.0298726,-0.0233257,-0.0367887,-0.0551933,-0.0832575,-0.0974244,-0.0371361,-0.0327451,-0.0437724,-0.0456758,-0.0830784,-0.0986973,-0.0320466,-0.112483,-0.0244213,-0.0391446,-0.0148472,-0.0606994,-0.0425969,-0.00416246	-0.184834,-0.309947,-0.258037,-0.244334,-0.22701,-0.167431,-0.284277,-0.253935,-0.285499,-0.178597,-0.197377,-0.313794,-0.325402,-0.21478,-0.337008,-0.34713,-0.284278,-0.219286,-0.310953,-0.335923
-0.54756,-0.730488,-0.832507,-0.689825,-0.650521,-0.584553,-0.755913,-0.651468,-0.750518,-0.667622,-0.653006,-0.718952,-0.685343,-0.640668,-0.767685,-0.649264,-0.766919,-0.688483,-0.730384,-0.645373	-0.0645564,-0.0283274,-0.0226042,-0.00945135,-0.00261683,-0.0177798,0.00147441,0.0203911,0.0203658,0.0513056,-0.0603052,-0.0185842,0.00695078,-0.0117604,0.0620613,0.0174925,0.00142255,0.00712372,0.00547885,0.00877882	-0.500702,-0.716997,-0.825436,-0.684839,-0.649009,-0.572725,-0.756544,-0.663051,-0.759278,-0.695118,-0.616997,-0.709852,-0.689012,-0.633682,-0.792012,-0.659269,-0.767505,-0.692212,-0.73293,-0.650467
-0.518746,-0.701662,-0.794755,-0.637803,-0.618801,-0.542492,-0.732556,-0.609648,-0.724929,-0.635093,-0.600561,-0.69787,-0.656623,-0.588286,-0.744396,-0.632603,-0.733451,-0.646644,-0.695896,-0.615423	-0.0802243,-0.0031008,-0.0259843,0.00260092,0.0244804,-0.0237968,0.00599033,0.010126,0.0149808,0.0457204,-0.0240552,-0.0239658,-0.0132686,-0.00848631,0.0515149,0.00360874,0.00465445,0.0109209,0.0138511,0.0289673	-0.457564,-0.700084,-0.784981,-0.639343,-0.633682,-0.525479,-0.73532,-0.615971,-0.731961,-0.661603,-0.584957,-0.685367,-0.649009,-0.582709,-0.766517,-0.634763,-0.735594,-0.652953,-0.702971,-0.633104
0.0805106,0.100872,0.139738,0.0836838,0.0826547,0.0752528,0.156557,0.0959138,0.161985,0.11594,0.0885155,0.0744125,0.118152,0.122323,0.133565,0.106535,0.158926,0.0965654,0.136057,0.100308	-0.00213621,0.015447,-0.0921872,-0.0593807,0.0186776,-0.0328322,0.0623889,-0.0257132,0.0451156,0.00959309,-0.0131103,-0.0199959,0.0129507,-0.00113359,0.0128044,0.0368592,0.0207975,-0.0219215,0.0218556,0.0370708	0.0826326,0.0855579,0.228975,0.142357,0.0640761,0.107819,0.0950966,0.121328,0.11773,0.106465,0.101508,0.0942681,0.105363,0.123439,0.120967,0.0699508,0.138587,0.118237,0.114542,0.0634734
0.460621,0.615239,0.732489,0.555053,0.575031,0.545491,0.625156,0.502076,0.643004,0.557024,0.611022,0.603018,0.555444,0.428635,0.689134,0.543207,0.667201,0.603236,0.595805,0.54337	0.519354,0.633834,0.723838,0.58403,0.554241,0.556427,0.6836,0.525742,0.656631,0.567067,0.629774,0.647434,0.600648,0.514499,0.678359,0.531593,0.692947,0.621729,0.603552,0.565356	-0.0772016,-0.0304822,0.0184145,-0.0428765,0.0305156,-0.0157017,-0.10206,-0.032154,-0.0235842,-0.0146808,-0.030481,-0.072863,-0.0678355,-0.110158,0.0202337,0.0163297,-0.0478846,-0.0295917,-0.0120966,-0.0317349
0.227241,0.0440244,0.0308882,0.0373781,0.0528105,0.11759,0.000385773,0.106533,-0.0476588,-0.00609434,0.261753,0.118386,-0.0249029,0.0613369,-0.0385006,0.033284,0.0503649,0.0665242,-0.00289867,0.149728	-0.126338,-0.422182,-0.535346,-0.352412,-0.362097,-0.284613,-0.514121,-0.277424,-0.532847,-0.403257,-0.16103,-0.361727,-0.402789,-0.296465,-0.571227,-0.319052,-0.451381,-0.39948,-0.457216,-0.281578	0.343712,0.4577,0.557024,0.384723,0.407122,0.389178,0.514404,0.372936,0.49783,0.398141,0.405683,0.460397,0.381715,0.351412,0.544706,0.348633,0.490593,0.453941,0.454921,0.413857
0.463508,0.602913,0.738365,0.568498,0.587741,0.562729,0.633696,0.517375,0.638683,0.582051,0.584211,0.61853,0.564219,0.460785,0.69459,0.56021,0.683649,0.618213,0.605577,0.581513	0.526708,0.640071,0.726215,0.583177,0.570032,0.552918,0.682997,0.524276,0.653038,0.564224,0.605863,0.648708,0.592178,0.515883,0.677568,0.534735,0.686979,0.625404,0.606207,0.562064	-0.083613,-0.0605096,0.0261978,-0.0219584,0.0266317,0.0142433,-0.0869208,-0.0094703,-0.0246263,0.0265448,-0.033515,-0.0504004,-0.0419875,-0.07228,0.0321556,0.0363694,-0.00627773,-0.0117234,-0.000995858,0.0288916
0.417434,0.582832,0.72032,0.502514,0.549639,0.509354,0.576243,0.463826,0.582275,0.548454,0.604576,0.494984,0.475827,0.424582,0.628357,0.45189,0.683219,0.599188,0.56446,0.462689	0.483729,0.626,0.718448,0.543604,0.527787,0.525201,0.653942,0.475768,0.616773,0.557004,0.62344,0.56526,0.521855,0.451608,0.655447,0.435448,0.698803,0.601439,0.548863,0.483486	-0.0830682,-0.0679664,0.0038807,-0.0565331,0.0307811,-0.0216348,-0.124682,-0.0153236,-0.0538302,-0.01231,-0.0302762,-0.0975775,-0.0612335,-0.0334376,-0.0460601,0.0204695,-0.0298209,-0.00351885,0.0225989,-0.0267901
0.079178,-0.0387186,-0.0758837,-0.0750634,-0.0407551,0.109802,-0.183867,-0.0156603,-0.146717,-0.0559376,0.22795,-0.130573,-0.0804981,0.0001675,-0.133097,-0.0491756,-0.130993,0.0139392,-0.0936876,0.0299997	0.223509,0.18664,0.189644,0.0847552,0.115113,0.206448,0.212756,0.0664264,0.098106,0.145788,0.369309,0.136169,0.121892,0.118527,0.132181,0.104401,0.19416,0.20456,0.0523305,0.148961	-0.146932,-0.223742,-0.261761,-0.158808,-0.15514,-0.098887,-0.381692,-0.0820014,-0.241349,-0.200094,-0.154353,-0.262082,-0.200423,-0.118362,-0.260692,-0.152792,-0.317088,-0.191166,-0.145306,-0.119495
0.361632,0.590566,0.725769,0.519528,0.486997,0.405684,0.60962,0.448998,0.62264,0.526361,0.554122,0.523453,0.460977,0.317982,0.66578,0.454718,0.633794,0.510831,0.566244,0.513902	0.482368,0.634379,0.719549,0.574924,0.547672,0.53231,0.682166,0.514372,0.615089,0.556368,0.624646,0.631756,0.572646,0.484631,0.678805,0.530972,0.673719,0.588247,0.568667,0.529458	-0.146247,-0.0700607,0.0130196,-0.0789892,-0.0827448,-0.161502,-0.124194,-0.0850062,0.0122373,-0.0424335,-0.107856,-0.161813,-0.151719,-0.197009,-0.0237658,-0.100525,-0.0696768,-0.110673,-0.00357339,-0.0213709
0.334541,0.559397,0.71821,0.469046,0.462914,0.371212,0.599569,0.400819,0.593869,0.494053,0.511004,0.525518,0.48585,0.298787,0.657405,0.449376,0.627686,0.493962,0.559256,0.49484	0.484724,0.631567,0.713588,0.550328,0.548142,0.53133,0.686794,0.495545,0.614494,0.551574,0.617848,0.618411,0.572434,0.477446,0.669199,0.530057,0.675683,0.596506,0.568336,0.546128	-0.17925,-0.111596,0.00948107,-0.109563,-0.114208,-0.199458,-0.148286,-0.118204,-0.0324774,-0.0790677,-0.156141,-0.137616,-0.119942,-0.208387,-0.0210596,-0.105907,-0.0833452,-0.145381,-0.0133101,-0.0702818
0.195603,-0.0243238,0.0357957,0.00372243,0.0102705,0.0721955,-0.0509395,0.042352,-0.0495997,-0.0152739,0.212303,0.0549254,-0.052175,-0.00137791,-0.07982,-0.0409827,0.0123116,0.00158985,-0.0260807,0.0941862	-0.190297,-0.473632,-0.525744,-0.388534,-0.379027,-0.322001,-0.570476,-0.33361,-0.538008,-0.411841,-0.208538,-0.426714,-0.442242,-0.384652,-0.586248,-0.366943,-0.487435,-0.446604,-0.470584,-0.33076	0.372051,0.454545,0.551167,0.39169,0.387788,0.385241,0.535086,0.370724,0.501799,0.399077,0.402999,0.47061,0.39928,0.383477,0.531289,0.330937,0.496765,0.447876,0.450027,0.412107
0.572769,0.715792,0.811947,0.66974,0.660394,0.667355,0.772495,0.648712,0.754326,0.69551,0.696348,0.745416,0.702055,0.647558,0.782397,0.678384,0.77133,0.732828,0.721922,0.670143	0.576569,0.733685,0.808668,0.655801,0.663585,0.647177,0.763501,0.632093,0.754889,0.668676,0.69869,0.731677,0.685467,0.616535,0.776619,0.665147,0.74998,0.72192,0.715085,0.62983	-0.00567448,-0.0376826,0.00954932,0.0248553,-0.00568046,0.0355189,0.0219252,0.0281697,-0.00130648,0.0501638,-0.00456144,0.030221,0.0319764,0.0516403,0.0147251,0.0241225,0.0506498,0.0231622,0.0141319,0.0697552
0.478732,0.657607,0.771701,0.55956,0.580974,0.545693,0.697943,0.531539,0.674655,0.63663,0.666341,0.583784,0.560826,0.539879,0.680963,0.528554,0.714167,0.665892,0.625232,0.513839	0.485505,0.681754,0.778228,0.570829,0.580033,0.550575,0.716647,0.520053,0.695056,0.635085,0.66641,0.609105,0.562038,0.481741,0.717272,0.523704,0.704388,0.650062,0.602582,0.512641	-0.00882312,-0.0437714,-0.0163414,-0.0165588,0.001419,-0.00697887,-0.0374216,0.0158753,-0.0384138,0.0025927,-0.000124466,-0.0392928,-0.00176887,0.0785736,-0.0709763,0.00670578,0.0196771,0.0279119,0.036341,0.00162565
0.070815,-0.0244809,-0.0875093,-0.0955793,-0.0625154,0.0939783,-0.136746,-0.0324671,-0.146272,-0.0700463,0.241821,-0.101532,-0.0879589,-0.0135207,-0.143887,-0.0388972,-0.142234,0.0243697,-0.0824561,0.0128293	0.158454,0.183934,0.181148,0.0327991,0.109564,0.178803,0.216613,0.027768,0.086023,0.116573,0.364694,0.127131,0.071592,0.0251276,0.124107,0.12452,0.156234,0.195897,0.0558532,0.107688	-0.0886333,-0.20748,-0.264465,-0.127977,-0.170909,-0.0862749,-0.343193,-0.0601808,-0.229409,-0.185108,-0.134756,-0.225749,-0.158552,-0.0386352,-0.263292,-0.16263,-0.29198,-0.17235,-0.137675,-0.0949898
0.4374,0.655819,0.765328,0.556563,0.524228,0.455956,0.708883,0.519055,0.662382,0.588528,0.606413,0.609427,0.560892,0.448375,0.709209,0.512732,0.697161,0.590168,0.628799,0.571155	0.498955,0.680377,0.767805,0.582868,0.604109,0.571749,0.722796,0.560101,0.641812,0.608169,0.657619,0.671906,0.627939,0.531334,0.7323,0.599508,0.711586,0.647897,0.623594,0.56459	-0.0787394,-0.0443441,-0.00600699,-0.038936,-0.116903,-0.156623,-0.028532,-0.0578705,0.0357823,-0.0305897,-0.085172,-0.105803,-0.103499,-0.108904,-0.048042,-0.125288,-0.0286256,-0.0934695,0.00856189,0.00968935
0.415472,0.633723,0.763346,0.520008,0.510784,0.432867,0.70777,0.484713,0.639736,0.563837,0.584191,0.623629,0.588396,0.441005,0.714977,0.513398,0.687004,0.57429,0.62655,0.557562	0.506863,0.6864,0.767365,0.572197,0.614799,0.581858,0.736953,0.555126,0.646643,0.610742,0.671664,0.671227,0.630348,0.536909,0.736893,0.604612,0.709102,0.656688,0.627914,0.586158	-0.115772,-0.0932309,-0.00970101,-0.074295,-0.151631,-0.199151,-0.0610003,-0.0963341,-0.0117809,-0.0715407,-0.143959,-0.0818676,-0.0666856,-0.125657,-0.0463206,-0.132271,-0.0430901,-0.132287,-0.00224796,-0.042479
-0.213257,-0.485586,-0.532834,-0.390285,-0.374924,-0.319182,-0.571494,-0.329085,-0.562497,-0.410376,-0.272675,-0.416283,-0.439811,-0.367299,-0.591695,-0.366213,-0.469966,-0.444371,-0.47334,-0.318484	0.174793,-0.0292374,0.0204221,-0.0107967,0.0192043,0.0605825,-0.0590035,0.0371463,-0.0906602,-0.0357662,0.140599,0.0604969,-0.0640358,0.00297415,-0.0938173,-0.0490872,0.0268584,-0.00316174,-0.0331171,0.0807752	-0.374105,-0.462921,-0.5473,-0.381095,-0.391311,-0.37256,-0.530375,-0.361809,-0.497191,-0.38019,-0.398015,-0.465067,-0.386665,-0.36987,-0.52714,-0.322931,-0.490632,-0.44183,-0.447233,-0.389245
-0.22317,-0.495264,-0.522649,-0.408275,-0.393692,-0.318041,-0.587633,-0.333435,-0.566736,-0.426013,-0.21196,-0.446009,-0.454967,-0.368855,-0.608286,-0.382276,-0.481068,-0.447778,-0.475797,-0.335178	0.167845,-0.0379204,0.0462449,-0.0145855,-0.0062292,0.0822688,-0.0675649,0.0359141,-0.0819847,-0.0371855,0.208404,0.0450468,-0.0718619,-0.0171891,-0.0963821,-0.0656144,0.0178262,-0.0111686,-0.0482707,0.087093	-0.376897,-0.466097,-0.555469,-0.396047,-0.388415,-0.390103,-0.54157,-0.364978,-0.508372,-0.395086,-0.402581,-0.481385,-0.396054,-0.35391,-0.543785,-0.324809,-0.494652,-0.438804,-0.437576,-0.410293
-0.296184,-0.554928,-0.605043,-0.439863,-0.47381,-0.341171,-0.698271,-0.403259,-0.638561,-0.513251,-0.263718,-0.551323,-0.508625,-0.400253,-0.667551,-0.442762,-0.597825,-0.497504,-0.532962,-0.403379	0.148903,0.00458105,0.111605,0.0491189,0.0354391,0.115262,-0.0475314,0.00351533,-0.0604839,-0.010054,0.254448,0.0453077,-0.0213668,0.0251101,-0.0408917,-0.00666053,0.0796006,0.074453,-0.00702406,0.0761561	-0.426287,-0.55809,-0.671317,-0.478641,-0.500839,-0.439163,-0.673079,-0.406199,-0.601301,-0.505807,-0.485583,-0.58209,-0.492612,-0.42113,-0.644246,-0.437392,-0.646653,-0.551528,-0.527914,-0.465243
-0.306577,-0.505765,-0.547524,-0.420433,-0.43891,-0.396557,-0.591992,-0.378505,-0.58874,-0.440734,-0.237575,-0.475837,-0.492473,-0.446387,-0.618337,-0.435926,-0.502688,-0.477647,-0.503567,-0.363627	0.0975073,-0.0619368,-0.00260758,-0.0298792,-0.0216118,0.0497524,-0.0848006,0.00740569,-0.168965,-0.0528969,0.207716,0.0218224,-0.0892591,-0.0360446,-0.124318,-0.0817171,-0.00416671,-0.0116402,-0.0886204,0.0400899	-0.392355,-0.458181,-0.545696,-0.395522,-0.421295,-0.437675,-0.533999,-0.384832,-0.466145,-0.397095,-0.42435,-0.492545,-0.421753,-0.417053,-0.535156,-0.367293,-0.499568,-0.468613,-0.434329,-0.397916
-0.324957,-0.512064,-0.552104,-0.445779,-0.444599,-0.414505,-0.59643,-0.398709,-0.606217,-0.451653,-0.256571,-0.463614,-0.472763,-0.447853,-0.612138,-0.431283,-0.509945,-0.484231,-0.506985,-0.36795	0.0986778,-0.0501735,-0.00568271,-0.0508208,-0.0123341,0.0484908,-0.086324,-0.000555476,-0.182512,-0.0503519,0.21274,0.0320895,-0.0744865,-0.0282567,-0.115492,-0.0724176,-0.0141101,-0.00813294,-0.0904149,0.0605183	-0.410472,-0.47407,-0.548141,-0.404114,-0.434649,-0.453873,-0.537795,-0.398242,-0.476416,-0.41064,-0.44502,-0.488437,-0.412813,-0.424974,-0.534428,-0.370435,-0.499428,-0.477981,-0.436582,-0.419135
0.511754,0.684651,0.800375,0.588709,0.624461,0.577572,0.741741,0.568718,0.699853,0.662616,0.67167,0.604409,0.577113,0.5718,0.702867,0.562569,0.742711,0.693024,0.662004,0.528414	0.514692,0.690551,0.81004,0.614144,0.620307,0.60244,0.768923,0.573787,0.719377,0.688174,0.66938,0.643188,0.594867,0.544479,0.744638,0.57099,0.754363,0.688286,0.646482,0.567984	-0.00398818,-0.0111906,-0.0274841,-0.0398375,0.00678081,-0.0381396,-0.0632632,-0.00752428,-0.0393183,-0.0469812,0.00416113,-0.0634416,-0.0270345,0.0396719,-0.08764,-0.0124063,-0.0264975,0.00905874,0.0271353,-0.0565394
0.0724989,-0.0065217,-0.0908269,-0.0979468,-0.0395038,0.0964257,-0.132235,-0.0280289,-0.154605,-0.0809145,0.195152,-0.0977235,-0.089832,-0.014355,-0.143842,-0.0343927,-0.141927,0.0259862,-0.0768214,0.0110972	0.156674,0.187018,0.180647,0.0428214,0.133541,0.200893,0.231895,0.0470504,0.0760025,0.129321,0.316745,0.144337,0.083841,0.0513648,0.130109,0.1427,0.177282,0.208448,0.0683733,0.144874	-0.0851421,-0.193304,-0.267091,-0.14018,-0.172137,-0.106531,-0.353297,-0.0749804,-0.22793,-0.208058,-0.129604,-0.238694,-0.172375,-0.0656713,-0.268918,-0.176227,-0.311375,-0.183455,-0.144436,-0.133993
0.464949,0.67552,0.776095,0.569569,0.552322,0.457451,0.728594,0.545654,0.67736,0.600499,0.586401,0.616724,0.563055,0.451468,0.710738,0.523262,0.712389,0.593933,0.64025,0.576315	0.523309,0.681929,0.781997,0.610028,0.629185,0.593822,0.751602,0.60391,0.656195,0.647704,0.636338,0.693252,0.646387,0.565988,0.739839,0.623755,0.748475,0.66269,0.642019,0.610786	-0.0771255,-0.0118829,-0.0150122,-0.0620024,-0.1178,-0.187232,-0.0508592,-0.0868884,0.0381007,-0.0772514,-0.0796624,-0.133683,-0.131016,-0.153827,-0.0613718,-0.149185,-0.0773061,-0.113383,-0.00300474,-0.0531966
0.434518,0.651851,0.771398,0.536499,0.538169,0.433164,0.722117,0.501928,0.652156,0.566682,0.561098,0.627752,0.580653,0.433827,0.71552,0.518743,0.697401,0.577574,0.633925,0.555911	0.522789,0.68665,0.778836,0.603198,0.63895,0.602872,0.760088,0.58962,0.658528,0.640992,0.648072,0.689472,0.638897,0.56082,0.743365,0.623315,0.740998,0.670914,0.642256,0.62556	-0.114217,-0.0629966,-0.018632,-0.0986112,-0.153598,-0.22969,-0.0841697,-0.124552,-0.0111673,-0.116699,-0.136674,-0.108819,-0.0925945,-0.167824,-0.0594837,-0.154541,-0.0902202,-0.152393,-0.0140526,-0.106783
0.212982,0.0900476,-0.0126856,0.108513,0.114281,0.218373,0.0329017,0.161642,0.0202803,-0.0212649,0.335812,0.13926,0.128037,0.181847,0.0288088,0.199797,-0.0435323,0.0917149,0.0236037,0.244636	0.297985,0.287598,0.257386,0.241234,0.302862,0.302106,0.39205,0.238629,0.252195,0.171922,0.459355,0.360054,0.29922,0.279526,0.282565,0.382146,0.2803,0.282728,0.192528,0.353192	-0.0907642,-0.202802,-0.269193,-0.136289,-0.195342,-0.0896469,-0.363841,-0.0800749,-0.233107,-0.192483,-0.146076,-0.232449,-0.178002,-0.102909,-0.255839,-0.197423,-0.319928,-0.196098,-0.169695,-0.118822
0.389594,0.621571,0.75349,0.492186,0.461088,0.409434,0.666293,0.4319,0.626349,0.569884,0.581319,0.503303,0.442202,0.339369,0.659245,0.390891,0.665923,0.544369,0.566498,0.467708	0.444786,0.622047,0.749219,0.507718,0.542053,0.518857,0.661015,0.48389,0.585554,0.591409,0.632871,0.540734,0.506667,0.478156,0.6454,0.481287,0.690036,0.618184,0.584121,0.462327	-0.0667609,-0.000775848,0.00980849,-0.0207059,-0.107944,-0.138939,0.00943236,-0.065726,0.0644233,-0.032468,-0.0815575,-0.051427,-0.0830787,-0.165671,0.0240983,-0.111342,-0.044613,-0.111255,-0.0263389,0.00686638
0.370312,0.599561,0.751326,0.458818,0.441093,0.374831,0.658297,0.404443,0.602754,0.537496,0.549499,0.505435,0.460307,0.315337,0.663335,0.38662,0.661928,0.524989,0.553075,0.445176	0.455781,0.628643,0.748653,0.500611,0.546132,0.516846,0.668418,0.485877,0.589688,0.586353,0.63749,0.527892,0.500255,0.46648,0.648517,0.481022,0.69375,0.623403,0.577265,0.474763	-0.102824,-0.0466736,0.00611139,-0.054255,-0.138372,-0.176138,-0.0180746,-0.10135,0.0202708,-0.0713411,-0.135433,-0.0306293,-0.0518991,-0.177211,0.0260037,-0.115968,-0.0588438,-0.146293,-0.0355348,-0.0375161
0.0686108,0.166469,0.173579,-0.0181774,0.0243444,0.0833145,0.199082,-0.00811612,0.0650364,0.0605634,0.294046,0.0403938,0.0106339,-0.0573357,0.11067,0.0345614,0.146278,0.128934,0.0619513,0.0930691	0.0378958,-0.0182267,-0.0911595,-0.119807,-0.0716601,0.102093,-0.14054,-0.0337312,-0.175,-0.101565,0.224694,-0.125687,-0.0877511,-0.0258147,-0.136459,-0.0489425,-0.135143,0.0146004,-0.0799976,-0.00796042	0.030795,0.184137,0.260615,0.101851,0.0958373,-0.0189396,0.330378,0.0256221,0.237335,0.161137,0.0742587,0.165242,0.0982933,-0.0315678,0.243453,0.083363,0.275966,0.114549,0.141249,0.100955
0.0313291,0.149595,0.170103,-0.0363276,0.0167252,0.0521749,0.183191,-0.0378019,0.0342233,0.0332694,0.274286,0.0519048,0.0237382,-0.0671795,0.108909,0.0229153,0.138967,0.107152,0.0599928,0.0709416	0.0271053,-0.00974978,-0.093352,-0.116213,-0.0591835,0.100174,-0.139768,-0.0384644,-0.179058,-0.1033,0.240639,-0.126822,-0.0959639,-0.0248352,-0.137926,-0.0548431,-0.13414,0.0165538,-0.0769634,0.00135038	0.0042274,0.159112,0.259337,0.0802243,0.0758336,-0.0482516,0.314896,0.000663527,0.211982,0.136102,0.0360248,0.177558,0.11943,-0.0424151,0.243182,0.0776608,0.268109,0.0907588,0.136327,0.0695978
0.539531,0.741351,0.833762,0.629949,0.630924,0.565193,0.788069,0.599352,0.747956,0.665823,0.679447,0.711938,0.687408,0.57454,0.793974,0.650722,0.785034,0.674279,0.73672,0.648316	0.569972,0.768835,0.835256,0.65593,0.654502,0.598747,0.802841,0.629341,0.775057,0.692998,0.715072,0.697648,0.66311,0.587773,0.792971,0.655905,0.792361,0.698715,0.743148,0.683217	-0.0439601,-0.0639109,-0.00492062,-0.044276,-0.0401615,-0.0507175,-0.0402169,-0.0481516,-0.0644823,-0.0504572,-0.0692884,0.0283902,0.044651,-0.0199793,0.00270859,-0.0090426,-0.019385,-0.0462044,-0.0142053,-0.0626538
-0.0576287,-0.118652,0.01238,-0.0560171,-0.0694549,-0.0749316,-0.0868879,-0.104133,-0.00306718,-0.0151969,-0.110149,-0.118936,-0.0442415,-0.0966319,-0.0791624,-0.122868,-0.0731248,-0.118728,-0.0398399,-0.0975365	-0.572771,-0.788608,-0.847847,-0.724867,-0.727463,-0.693259,-0.820632,-0.68851,-0.797723,-0.723789,-0.728737,-0.782653,-0.743525,-0.673598,-0.843819,-0.715714,-0.812618,-0.785338,-0.769788,-0.713357	0.532727,0.739115,0.851292,0.697158,0.693024,0.652208,0.790079,0.629511,0.796605,0.716473,0.672576,0.731841,0.723068,0.617136,0.81939,0.650007,0.786211,0.735158,0.753043,0.661873
0.18875,0.295632,0.326234,0.242288,0.203612,0.246046,0.340759,0.270914,0.350769,0.286229,0.285273,0.322722,0.316667,0.31262,0.345054,0.290532,0.276263,0.310358,0.322426,0.225732	0.19329,0.293629,0.330659,0.242598,0.232008,0.242746,0.345858,0.269495,0.322888,0.290243,0.188944,0.335075,0.306586,0.329353,0.341303,0.298859,0.289009,0.320337,0.321761,0.228171	-0.00471163,0.0021934,-0.00495955,-0.00032934,-0.0298042,0.00350902,-0.00578099,0.00153129,0.0314425,-0.00437766,0.101818,-0.0138509,0.0111655,-0.018654,0.00425154,-0.00911884,-0.0138521,-0.011081,0.000742266,-0.0025721
0.0925188,0.185775,0.229628,0.129201,0.0941897,0.0893156,0.290007,0.133014,0.257877,0.210695,0.156603,0.198353,0.178952,0.183434,0.208869,0.178169,0.100367,0.181164,0.17085,0.127526	0.00917628,0.14076,0.202324,0.0151744,0.0301882,0.0269787,0.181439,0.0394079,0.113471,0.177772,0.136404,-0.0110632,0.0133842,0.0889534,0.0924253,-0.0101717,0.134252,0.132581,0.0514183,-0.0535312	0.0834134,0.0462235,0.0286343,0.11425,0.064184,0.0624875,0.114598,0.094099,0.148759,0.0342047,0.0206399,0.208958,0.165966,0.0960477,0.118736,0.188,-0.0343477,0.0497786,0.12049,0.179829
-0.0171852,0.0288519,-0.0329299,-0.037079,-0.0405596,-0.0270627,0.110035,-0.0279938,0.00360885,-0.0265263,0.0278642,0.0610257,-0.0106419,-0.0209566,-0.0309963,0.0166959,-0.0191131,0.0207592,0.0200841,-0.0315329	-0.38719,-0.541184,-0.694212,-0.560113,-0.540463,-0.450606,-0.554135,-0.503353,-0.627735,-0.518644,-0.432031,-0.559956,-0.543978,-0.446083,-0.657103,-0.484068,-0.632332,-0.519907,-0.576672,-0.517417	0.372483,0.561272,0.676753,0.534127,0.511107,0.428772,0.626,0.482154,0.629917,0.498982,0.454424,0.600463,0.536442,0.429138,0.639125,0.496749,0.620721,0.534893,0.589923,0.493943
0.119763,0.173428,0.174344,0.0830512,0.110831,0.100618,0.208252,0.143394,0.133541,0.154755,0.134618,0.203929,0.206142,0.21058,0.182502,0.135228,0.168433,0.201642,0.169596,0.143312	0.00804783,0.145143,0.134732,0.0568409,0.0455424,0.00312436,0.183899,0.0922826,0.039303,0.119309,0.0952317,0.109252,0.113625,0.117947,0.138174,0.0895211,0.115516,0.0828905,0.0845055,0.0484169	0.111823,0.0290152,0.0405647,0.0263346,0.0656198,0.0975247,0.025323,0.0517973,0.0947356,0.0361121,0.039898,0.0968345,0.0947364,0.094992,0.0454744,0.0462675,0.0539666,0.12077,0.0863278,0.0955577
0.129236,0.189944,0.204795,0.110596,0.131926,0.126866,0.232402,0.169401,0.152933,0.168273,0.182934,0.232465,0.211751,0.230391,0.213289,0.146322,0.168054,0.20431,0.177709,0.147888	0.00744089,0.144011,0.140014,0.0234161,0.0492211,0.00798434,0.220671,0.0755335,0.0370342,0.111835,0.108447,0.119497,0.134584,0.121647,0.157023,0.105436,0.107195,0.0957034,0.09436,0.0767497	0.121912,0.0472253,0.0666943,0.0874063,0.0832452,0.119002,0.0123644,0.0950844,0.116559,0.0575197,0.0759945,0.116195,0.0794299,0.111879,0.0582155,0.0415267,0.0619746,0.110773,0.0847706,0.0719547
-0.596752,-0.791674,-0.856762,-0.728859,-0.732508,-0.699075,-0.825297,-0.69374,-0.812586,-0.735999,-0.735456,-0.782438,-0.748522,-0.676833,-0.851255,-0.726283,-0.809328,-0.79284,-0.776394,-0.726575	-0.0951753,-0.12714,-0.0227337,-0.0787492,-0.0564768,-0.0928206,-0.101845,-0.113343,-0.0721908,-0.0506176,-0.237356,-0.109259,-0.0658667,-0.0913845,-0.107831,-0.13953,-0.0461618,-0.130461,-0.0527496,-0.120988	-0.53178,-0.738908,-0.850595,-0.689697,-0.705205,-0.648323,-0.789839,-0.629929,-0.786535,-0.711903,-0.60344,-0.736108,-0.718057,-0.624047,-0.818561,-0.652919,-0.792785,-0.738797,-0.754547,-0.663953
-0.574377,-0.789169,-0.844469,-0.706745,-0.715927,-0.666099,-0.81108,-0.658458,-0.789809,-0.72824,-0.727269,-0.737716,-0.708479,-0.647422,-0.838949,-0.670255,-0.819668,-0.781383,-0.758489,-0.666455	-0.105174,-0.138971,0.0360184,-0.0808828,-0.0914044,-0.0561493,-0.106632,-0.106271,-0.0511652,-0.0504713,-0.11823,-0.120025,-0.0685277,-0.111605,-0.102304,-0.144213,-0.0657622,-0.13767,-0.0740664,-0.0989784	-0.49937,-0.73029,-0.854497,-0.663808,-0.668252,-0.633649,-0.771142,-0.593734,-0.769749,-0.703631,-0.666334,-0.677697,-0.672607,-0.577549,-0.805806,-0.582329,-0.796859,-0.721306,-0.725161,-0.607553
-0.394194,-0.539756,-0.592039,-0.398352,-0.452412,-0.435221,-0.600109,-0.41246,-0.560065,-0.478999,-0.508962,-0.503449,-0.459105,-0.407912,-0.607969,-0.421976,-0.537082,-0.511972,-0.480618,-0.462012	-0.115168,-0.044576,0.0744736,0.00694877,-0.0243674,-0.00804773,-0.0378909,-0.10769,-0.00337555,-0.00286589,-0.0496704,-0.0888839,0.00686326,-0.0420276,0.00449042,-0.0433292,0.0120541,-0.00228203,-0.00355202,-0.0912349	-0.292296,-0.507388,-0.638366,-0.404182,-0.432816,-0.428675,-0.5753,-0.318937,-0.557743,-0.476788,-0.471204,-0.433986,-0.464505,-0.372267,-0.610792,-0.385699,-0.545604,-0.510286,-0.477881,-0.387093
-0.61049,-0.801734,-0.864048,-0.733731,-0.731751,-0.676271,-0.832159,-0.697356,-0.834426,-0.736345,-0.724033,-0.779838,-0.738042,-0.666676,-0.85815,-0.726354,-0.810929,-0.77014,-0.784399,-0.725568	-0.200681,-0.180638,-0.0760136,-0.108495,-0.118459,-0.10812,-0.143758,-0.157457,-0.211897,-0.0770279,-0.121259,-0.168777,-0.0960558,-0.139382,-0.159298,-0.181025,-0.10038,-0.134332,-0.143547,-0.183694	-0.467025,-0.726279,-0.84343,-0.679313,-0.671499,-0.612971,-0.781945,-0.606494,-0.756241,-0.698962,-0.660789,-0.703678,-0.690971,-0.58131,-0.809513,-0.627889,-0.773513,-0.709175,-0.722167,-0.625202
-0.607733,-0.792147,-0.858914,-0.72427,-0.721863,-0.672854,-0.833498,-0.686423,-0.835575,-0.729749,-0.710417,-0.768042,-0.73522,-0.654526,-0.850436,-0.718849,-0.816211,-0.768738,-0.783034,-0.720284	-0.201284,-0.156883,-0.0795763,-0.133476,-0.102386,-0.11057,-0.146232,-0.163805,-0.226673,-0.0707192,-0.115687,-0.148094,-0.0758063,-0.126119,-0.14016,-0.164664,-0.11936,-0.127943,-0.14462,-0.153568	-0.463098,-0.725414,-0.836512,-0.65402,-0.668916,-0.607479,-0.78266,-0.588825,-0.751177,-0.694892,-0.647985,-0.699512,-0.698335,-0.575951,-0.806396,-0.628591,-0.772068,-0.710695,-0.719942,-0.637199
0.152437,0.237899,0.347652,0.203992,0.19537,0.167697,0.427917,0.218729,0.334253,0.29442,0.137997,0.27125,0.232714,0.263132,0.285105,0.260829,0.227423,0.259865,0.273503,0.171205	0.0620239,0.19384,0.314564,0.0855905,0.100784,0.10554,0.308145,0.121338,0.210868,0.256295,0.211325,0.0432892,0.0701605,0.149227,0.167961,0.0568451,0.251138,0.200206,0.148803,-0.0176364	0.0912762,0.0461892,0.0371505,0.120506,0.0964864,0.0632768,0.137965,0.100047,0.132741,0.0412373,-0.0755298,0.230669,0.165252,0.118561,0.123036,0.207053,-0.0251505,0.0629332,0.12999,0.188273
-0.0148688,0.0650156,-0.0426898,-0.0424993,0.00180918,-0.0223106,0.118261,-0.0209624,-0.0129971,-0.0487282,-0.0770871,0.0670501,-0.0162493,-0.0229612,-0.0319895,0.024839,-0.0234824,0.0246716,0.0310225,-0.0353584	-0.38769,-0.523397,-0.701765,-0.562713,-0.535406,-0.448142,-0.552698,-0.501312,-0.630344,-0.533132,-0.430909,-0.563401,-0.542274,-0.456756,-0.657744,-0.486778,-0.637212,-0.524994,-0.575465,-0.524578	0.374983,0.569048,0.679429,0.53296,0.536695,0.430132,0.629794,0.485451,0.622447,0.497324,0.365979,0.607502,0.530701,0.438392,0.639204,0.505505,0.623053,0.542637,0.59585,0.498466
0.164771,0.201455,0.212251,0.116734,0.17546,0.111826,0.281764,0.200204,0.171309,0.189353,0.0556819,0.232405,0.224802,0.227794,0.193555,0.164072,0.243736,0.219982,0.199495,0.169756	0.0448455,0.174602,0.166608,0.0895864,0.0796936,0.0157341,0.250979,0.148191,0.0989749,0.149388,0.107988,0.124798,0.140536,0.11839,0.152293,0.109366,0.175425,0.0902217,0.112582,0.0699442	0.120819,0.0278323,0.0473164,0.027434,0.0971243,0.0962613,0.0331274,0.0536026,0.0735813,0.0411286,-0.0526224,0.110821,0.0870147,0.112436,0.0425156,0.0557048,0.0713626,0.132388,0.0889096,0.101011
0.160315,0.215984,0.231233,0.146694,0.196707,0.134885,0.29415,0.206321,0.180312,0.185667,0.0941107,0.251522,0.211246,0.230842,0.223674,0.166082,0.22974,0.222176,0.197511,0.164205	0.0310607,0.171129,0.159829,0.0571754,0.0829345,0.0174508,0.276761,0.110927,0.0861944,0.124816,0.114954,0.125929,0.143202,0.106196,0.170472,0.116578,0.153541,0.102238,0.112936,0.0888685	0.129901,0.0465766,0.0741435,0.090276,0.11566,0.117711,0.01893,0.0976282,0.0956035,0.0622939,-0.0210717,0.129701,0.0701657,0.127778,0.0553106,0.0504818,0.0789842,0.122726,0.0865046,0.0764524
0.190557,0.237903,0.147235,0.280692,0.251309,0.180383,0.377313,0.262341,0.281909,0.0577905,0.232015,0.392547,0.307976,0.253057,0.287202,0.348272,0.184307,0.145663,0.196727,0.320561	-0.170598,-0.399279,-0.605388,-0.300935,-0.319515,-0.26225,-0.334481,-0.248412,-0.407291,-0.448454,-0.26908,-0.20781,-0.226207,-0.177483,-0.42804,-0.107736,-0.544839,-0.415418,-0.415242,-0.15466	0.349784,0.581907,0.691029,0.536324,0.528396,0.42264,0.632029,0.479504,0.618217,0.493456,0.47165,0.555077,0.499392,0.412034,0.63694,0.439517,0.662608,0.529066,0.565753,0.452774
0.021179,0.0563685,0.111138,-0.0736678,-0.0312607,0.00936392,0.0794467,-0.0216831,0.00732011,0.0947682,0.0630487,-0.0653955,-0.0402283,0.0332043,-0.0108048,-0.0952629,0.101884,0.0928363,0.028625,-0.0877248	-0.00506294,0.0731455,0.0993797,0.0090665,-0.0304745,-0.0232094,0.161015,0.0217252,0.0503189,0.0922078,0.044336,0.0536006,0.0373513,0.0397168,0.0596379,0.0401,0.0181342,0.027715,0.0661951,-0.00144521	0.0262392,-0.0168465,0.0118898,-0.0826791,-0.000786943,0.0325663,-0.0826249,-0.0433878,-0.0430146,0.00258294,0.0187651,-0.118581,-0.0774631,-0.00652107,-0.0703972,-0.134848,0.083905,0.0652893,-0.0376413,-0.0862905
0.0342459,0.0756623,0.137862,-0.0377902,-0.0223188,0.0105109,0.0874265,0.0121136,0.0214721,0.0989585,0.0890608,-0.0625669,-0.0528377,0.0239776,0.015681,-0.0931933,0.114528,0.0874093,0.00831632,-0.0913013	-0.00116976,0.0754673,0.102029,-0.0121206,-0.0372161,-0.0393943,0.181955,0.0159177,0.0443403,0.0760427,0.0376808,0.0398845,0.0368051,0.0158725,0.0761983,0.0467107,0.022037,0.0324142,0.0462859,0.0181138	0.0354143,0.00019607,0.0363448,-0.0256813,0.0149097,0.0498846,-0.096057,-0.00380489,-0.02289,0.0230895,0.051553,-0.102196,-0.0894688,0.00810817,-0.0605897,-0.139298,0.0927247,0.0551514,-0.0379842,-0.109234
-0.357997,-0.526763,-0.693742,-0.567365,-0.517825,-0.391408,-0.550375,-0.484645,-0.626215,-0.536963,-0.435166,-0.543895,-0.499091,-0.409871,-0.63942,-0.470063,-0.607418,-0.478982,-0.543493,-0.498427	-0.0669958,0.0414703,-0.0428902,-0.0775896,-0.0511472,-0.0215212,0.105228,-0.0287026,-0.0646746,-0.0828189,-0.0163052,0.0227781,-0.00584558,-0.0365298,-0.0103368,0.00239464,-0.00465453,0.000818455,0.0221656,-0.0677366	-0.298152,-0.556085,-0.670812,-0.512329,-0.479374,-0.373029,-0.619712,-0.462374,-0.585243,-0.47528,-0.421854,-0.559739,-0.494688,-0.379016,-0.633269,-0.471926,-0.604472,-0.479612,-0.558925,-0.445739
-0.35994,-0.508086,-0.686544,-0.530674,-0.496015,-0.382781,-0.551067,-0.464045,-0.620663,-0.527249,-0.399608,-0.537502,-0.513541,-0.397724,-0.632799,-0.475768,-0.603375,-0.481033,-0.539235,-0.49909	-0.0812834,0.0572331,-0.0467405,-0.0643795,-0.0282104,-0.0269591,0.108065,-0.0343058,-0.0669553,-0.082988,0.00864934,0.017652,-0.0214545,-0.0342717,-0.0144013,-0.00787226,-0.00206072,0.00421166,0.0286389,-0.051544	-0.287055,-0.549344,-0.661015,-0.482789,-0.474444,-0.359532,-0.622086,-0.436692,-0.577716,-0.46459,-0.406851,-0.549936,-0.497568,-0.368475,-0.624085,-0.469654,-0.602063,-0.484264,-0.559238,-0.459363
0.296608,0.449866,0.466721,0.337875,0.340278,0.312753,0.462941,0.366378,0.436907,0.378251,0.390231,0.393838,0.385738,0.401735,0.452747,0.376044,0.46931,0.39,0.437286,0.338884	0.286103,0.429715,0.438819,0.266762,0.320603,0.291862,0.477342,0.317717,0.412475,0.355058,0.352588,0.374334,0.402158,0.384142,0.439759,0.381763,0.45944,0.402205,0.438885,0.366925	0.0114791,0.0249791,0.0350887,0.078158,0.0220841,0.0229894,-0.0184863,0.0550708,0.0298036,0.0267904,0.0436482,0.0228755,-0.0194338,0.0208042,0.0162168,-0.00667842,0.0125831,-0.0144752,-0.00197902,-0.0320225
-0.659516,-0.831832,-0.893146,-0.7813,-0.767574,-0.758339,-0.875789,-0.757385,-0.865288,-0.804489,-0.79257,-0.831513,-0.813557,-0.764521,-0.883395,-0.783506,-0.843704,-0.834919,-0.829603,-0.768252	-0.0417744,-0.00970027,-0.0434142,-0.0282923,0.0172787,-0.0218287,-0.0198583,-0.0101432,-0.0871147,-0.0441776,-0.173964,0.0138731,-0.0273863,0.00875289,-0.0338586,-0.0177449,0.0338417,-0.011189,-0.0148749,-0.0246793	-0.635243,-0.828819,-0.884009,-0.770029,-0.774579,-0.748907,-0.871081,-0.753027,-0.841613,-0.788329,-0.71754,-0.835746,-0.804086,-0.768133,-0.875729,-0.776558,-0.853185,-0.831498,-0.824907,-0.757944
-0.596714,-0.808725,-0.869805,-0.728473,-0.727636,-0.677608,-0.852749,-0.680174,-0.83135,-0.77944,-0.751739,-0.765233,-0.74385,-0.693393,-0.852345,-0.702384,-0.820649,-0.799848,-0.782238,-0.683538	-0.0505478,-0.0245962,0.0264987,-0.0301379,-0.0272606,0.0159312,-0.0313109,-0.01049,-0.056681,-0.0416077,-0.0103217,-0.0186194,-0.0323085,-0.0253479,-0.0279714,-0.0405542,0.0111407,-0.0255944,-0.0392668,-0.0118576	-0.563152,-0.800043,-0.876111,-0.71401,-0.714549,-0.686132,-0.843973,-0.674496,-0.812978,-0.762563,-0.747215,-0.757406,-0.729063,-0.679997,-0.844508,-0.681235,-0.824253,-0.790435,-0.766515,-0.677169
-0.376325,-0.532437,-0.584871,-0.377106,-0.428024,-0.417932,-0.620694,-0.387789,-0.56426,-0.46605,-0.504245,-0.507694,-0.450188,-0.38569,-0.591145,-0.413206,-0.526571,-0.503656,-0.479293,-0.432219	-0.0691754,0.0313053,0.0662787,0.0410029,0.0212836,0.0438138,0.0164314,-0.0401156,-0.00152416,0.00717406,0.0299246,-0.0180534,0.0349766,0.0256616,0.0494853,0.039374,0.0556859,0.0717426,0.0203461,-0.0257924	-0.315359,-0.554499,-0.626851,-0.411743,-0.445251,-0.453443,-0.630693,-0.353168,-0.56322,-0.471647,-0.526229,-0.49417,-0.477643,-0.40732,-0.622423,-0.445335,-0.56567,-0.555332,-0.494814,-0.411008
-0.646538,-0.818429,-0.883185,-0.743835,-0.745909,-0.694349,-0.862464,-0.720039,-0.849456,-0.771932,-0.738112,-0.806525,-0.780794,-0.722138,-0.868961,-0.743052,-0.832754,-0.793512,-0.80717,-0.745295	-0.158664,-0.0719213,-0.0975958,-0.0566981,-0.0539107,-0.0412291,-0.0706253,-0.0612454,-0.219952,-0.0692597,-0.0143949,-0.0658974,-0.0631436,-0.0562762,-0.08748,-0.0677679,-0.0341032,-0.0255486,-0.114443,-0.0985851	-0.543642,-0.793198,-0.859691,-0.717392,-0.720991,-0.672368,-0.843199,-0.689187,-0.774144,-0.742362,-0.73149,-0.7822,-0.754866,-0.694068,-0.845774,-0.711091,-0.821995,-0.783855,-0.763231,-0.697995
-0.647638,-0.812272,-0.881874,-0.74332,-0.742046,-0.698353,-0.868022,-0.718394,-0.852036,-0.770314,-0.743014,-0.80204,-0.778416,-0.717056,-0.868571,-0.74098,-0.833745,-0.793302,-0.808585,-0.7412	-0.160685,-0.0468646,-0.102817,-0.0880457,-0.0381884,-0.0450677,-0.0754914,-0.0734769,-0.236205,-0.063428,-0.0135619,-0.0459026,-0.039133,-0.0428791,-0.0719521,-0.0520063,-0.0536878,-0.0187482,-0.117285,-0.0641113	-0.543514,-0.795697,-0.856739,-0.701162,-0.724385,-0.674514,-0.848105,-0.680857,-0.770999,-0.743198,-0.736877,-0.785039,-0.76251,-0.695563,-0.849723,-0.716587,-0.81661,-0.786247,-0.763728,-0.710868
0.0712781,0.0705925,0.16222,0.0927733,0.118562,0.0979612,0.201785,0.109748,0.11529,0.110148,-0.00408283,0.096218,0.0727325,0.104018,0.107642,0.107513,0.161791,0.106377,0.138957,0.0516832	-0.125096,-0.108736,-0.000106241,-0.147963,-0.0983481,-0.132537,-0.00643433,-0.145317,-0.133765,-0.0296173,-0.0803275,-0.256865,-0.233877,-0.163661,-0.172289,-0.21859,-0.0305783,-0.112433,-0.162676,-0.231114	0.194638,0.177962,0.162323,0.237476,0.21441,0.227544,0.207949,0.251061,0.245273,0.13931,0.0762697,0.344567,0.301481,0.263199,0.274835,0.318614,0.191422,0.216224,0.294966,0.27946
0.00269889,0.0458308,-0.0116617,-0.00643353,0.0498862,0.00600713,0.0108415,0.00893789,-0.0215711,-0.0270963,-0.124379,0.00669886,-0.00724057,-0.002157,-0.00110692,0.00978652,-0.0051864,0.00446032,0.0131873,-0.00387402	-0.501035,-0.660427,-0.784756,-0.656587,-0.614462,-0.5783,-0.722303,-0.62704,-0.748868,-0.656786,-0.597131,-0.706188,-0.678477,-0.62482,-0.756706,-0.634655,-0.724409,-0.667334,-0.700503,-0.626263	0.503053,0.685509,0.780234,0.652912,0.64459,0.582285,0.727448,0.632434,0.739238,0.641099,0.510681,0.70953,0.67455,0.623504,0.756233,0.640464,0.721935,0.669801,0.707158,0.623903
0.0516509,0.0365798,0.04542,0.0402616,0.072508,0.0132262,0.0990552,0.0703367,0.0532054,0.0449332,-0.0839171,0.0368042,0.0262616,0.0193448,0.0147715,0.0347222,0.0928469,0.0210868,0.0376807,0.0298177	-0.144888,-0.143867,-0.188369,-0.161109,-0.127971,-0.229894,-0.117602,-0.135521,-0.262107,-0.158023,-0.193964,-0.217772,-0.192072,-0.216913,-0.224066,-0.19676,-0.11524,-0.233643,-0.228216,-0.160032	0.195079,0.179502,0.231806,0.200072,0.198635,0.242383,0.214162,0.203914,0.310976,0.201525,0.111868,0.252552,0.217238,0.235271,0.23805,0.229912,0.205884,0.253481,0.26363,0.188948
0.035284,0.0337252,0.0292159,0.043717,0.0727426,0.00905008,0.0831088,0.0453285,0.0389883,0.0220025,-0.0913872,0.0234675,0.00030543,-0.00408647,0.0142659,0.0227261,0.0741085,0.0192585,0.0242107,0.0163747	-0.161041,-0.143167,-0.193888,-0.184784,-0.123127,-0.229907,-0.091449,-0.167811,-0.274295,-0.182903,-0.186981,-0.215617,-0.191569,-0.229476,-0.203578,-0.19101,-0.135575,-0.223965,-0.227531,-0.144215	0.195215,0.176042,0.221847,0.226669,0.194131,0.238461,0.173241,0.211531,0.309968,0.204084,0.0972555,0.237881,0.191863,0.225601,0.217213,0.212813,0.207597,0.242179,0.250362,0.160212
0.216845,0.238343,0.203343,0.329924,0.29833,0.212306,0.351851,0.305052,0.321846,0.0950692,0.230007,0.380488,0.340618,0.301411,0.338924,0.366106,0.207604,0.140756,0.196417,0.371614	-0.227822,-0.489709,-0.667763,-0.357077,-0.35953,-0.308265,-0.480643,-0.31546,-0.506137,-0.543651,-0.365744,-0.305342,-0.312862,-0.285726,-0.496401,-0.208119,-0.570446,-0.504201,-0.491104,-0.220378	0.423734,0.651956,0.766964,0.614596,0.594134,0.488594,0.712072,0.566041,0.712,0.607331,0.549522,0.614445,0.590548,0.540582,0.715027,0.533571,0.695664,0.602218,0.627036,0.54718
-0.10092,-0.128752,-0.0729373,-0.160355,-0.145091,-0.0907414,-0.14754,-0.169294,-0.139485,-0.0669463,-0.0802992,-0.26465,-0.246292,-0.185518,-0.207087,-0.239776,-0.0763519,-0.11776,-0.142228,-0.23068	-0.101979,-0.129476,-0.152594,-0.124238,-0.131206,-0.113821,-0.162605,-0.121691,-0.217279,-0.133951,-0.123015,-0.158896,-0.156928,-0.160621,-0.172493,-0.150286,-0.0928351,-0.166954,-0.112514,-0.134964	0.00107035,0.000736665,0.0805538,-0.0368514,-0.014154,0.0233204,0.0154348,-0.0486043,0.0802259,0.0676107,0.0431424,-0.110397,-0.0929567,-0.0256617,-0.0358752,-0.0928348,0.0166009,0.0501806,-0.0301978,-0.0987912
-0.0962312,-0.126257,-0.076945,-0.148881,-0.157337,-0.11482,-0.166229,-0.159347,-0.143159,-0.0785347,-0.104901,-0.287967,-0.26638,-0.216986,-0.209022,-0.248687,-0.0637436,-0.126448,-0.173527,-0.23678	-0.0979137,-0.124724,-0.147936,-0.141681,-0.13932,-0.132971,-0.14376,-0.124991,-0.222109,-0.1508,-0.131055,-0.174085,-0.159207,-0.187426,-0.153891,-0.144765,-0.087249,-0.163222,-0.134442,-0.115481	0.0016985,-0.00155732,0.0718086,-0.00735512,-0.0184208,0.0184332,-0.0230197,-0.0350544,0.0815429,0.0731316,0.0265179,-0.119892,-0.111919,-0.0308129,-0.0569635,-0.107802,0.0236369,0.0375491,-0.0400193,-0.124709
-0.431207,-0.607444,-0.733556,-0.592547,-0.558062,-0.443215,-0.669528,-0.547068,-0.664664,-0.596024,-0.51575,-0.639885,-0.590076,-0.527762,-0.688788,-0.543493,-0.663067,-0.576517,-0.613162,-0.560897	-0.0552729,0.0143703,-0.0108037,-0.0433603,-0.0128451,0.00404302,-0.005697,-0.00113406,-0.0716522,-0.061448,-0.0472606,-0.0409351,0.00470847,-0.0194022,0.022599,-0.0152397,0.0154229,-0.0212122,0.00329717,-0.0412056	-0.385113,-0.616433,-0.728526,-0.563669,-0.549153,-0.446458,-0.666373,-0.546272,-0.622666,-0.554899,-0.480194,-0.61506,-0.593136,-0.513619,-0.700484,-0.532665,-0.671622,-0.56218,-0.615215,-0.531987
-0.439505,-0.598746,-0.733856,-0.571081,-0.548334,-0.452025,-0.68066,-0.540127,-0.663289,-0.594214,-0.510268,-0.645813,-0.605754,-0.526833,-0.695195,-0.555534,-0.657158,-0.579108,-0.611749,-0.561888	-0.0719702,0.033481,-0.0161625,-0.0322266,0.0111118,-0.00229599,-0.00178339,-0.00846995,-0.0741014,-0.0629481,-0.02001,-0.0466179,-0.0131502,-0.0173276,0.0177503,-0.0267154,0.018027,-0.0174238,0.010574,-0.0230593	-0.379541,-0.619802,-0.726308,-0.548958,-0.556057,-0.450197,-0.679702,-0.5341,-0.619643,-0.55191,-0.495315,-0.617795,-0.597363,-0.514199,-0.704255,-0.536785,-0.66728,-0.56741,-0.618324,-0.545902
0.195285,0.309128,0.320052,0.239972,0.235535,0.216851,0.292489,0.227556,0.33632,0.247212,0.242321,0.217135,0.226434,0.228011,0.29242,0.26494,0.360865,0.243039,0.309107,0.22415	0.194527,0.312186,0.331787,0.201806,0.241335,0.222854,0.345699,0.210282,0.333853,0.239527,0.262535,0.234226,0.255007,0.235952,0.322232,0.286149,0.351716,0.259097,0.323979,0.259679	0.000787521,-0.00338498,-0.0131299,0.0401076,-0.00615025,-0.0063078,-0.0591955,0.0181427,0.00277924,0.00816868,-0.0215865,-0.0180072,-0.030324,-0.00839274,-0.032914,-0.022949,0.0104791,-0.0171375,-0.0165263,-0.0377247
0.616263,0.820434,0.881534,0.741322,0.756038,0.697665,0.874295,0.704953,0.835597,0.792488,0.699751,0.779219,0.752362,0.719155,0.862825,0.72246,0.847442,0.814437,0.80169,0.69658	0.607361,0.814872,0.89689,0.738613,0.736026,0.715552,0.870397,0.703702,0.841613,0.792083,0.771067,0.767142,0.747443,0.702279,0.862964,0.70868,0.841456,0.808611,0.791038,0.700793	0.0142269,0.0167814,-0.0733458,0.00598762,0.0451179,-0.0357184,0.0163114,0.00248206,-0.0202751,0.00108688,-0.154885,0.0300263,0.0112398,0.0340961,-0.000542699,0.0282376,0.0208619,0.0170624,0.0291156,-0.00823129
0.372932,0.543914,0.580932,0.371672,0.445435,0.418137,0.62153,0.390189,0.553233,0.453642,0.430587,0.509353,0.4444,0.384918,0.588784,0.416388,0.528984,0.503726,0.480936,0.432285	0.336497,0.569631,0.634384,0.418411,0.454995,0.463719,0.637176,0.359976,0.5811,0.477049,0.533969,0.490921,0.48244,0.402703,0.62957,0.456368,0.556676,0.559255,0.50188,0.421674	0.0416632,-0.0372612,-0.0846467,-0.055346,-0.0119899,-0.056546,-0.0259053,0.0351511,-0.0410694,-0.0298713,-0.134247,0.0245767,-0.0484217,-0.0210476,-0.0648094,-0.0493599,-0.0392496,-0.0773068,-0.0276072,0.0129767
0.660908,0.825048,0.885228,0.746412,0.766359,0.695926,0.872341,0.737645,0.848611,0.77602,0.669812,0.81161,0.781768,0.730659,0.868199,0.749249,0.850061,0.795672,0.813775,0.752095	0.581967,0.8029,0.871223,0.731663,0.734277,0.683575,0.858042,0.711283,0.797806,0.763058,0.739736,0.783089,0.765665,0.698737,0.852976,0.724469,0.829626,0.789585,0.774659,0.715131	0.128282,0.06561,0.0612197,0.0324957,0.0733671,0.023559,0.0568558,0.0554604,0.157306,0.0317806,-0.138597,0.0782581,0.0401136,0.0652184,0.0586773,0.054201,0.0693281,0.016372,0.105833,0.0799823
0.656083,0.817994,0.88296,0.747488,0.761341,0.697821,0.875953,0.73052,0.850423,0.769417,0.673332,0.806248,0.774776,0.71871,0.867653,0.743536,0.848824,0.794906,0.812507,0.744694	0.575961,0.804509,0.867217,0.717084,0.736569,0.683653,0.860965,0.697374,0.79371,0.758957,0.743825,0.784955,0.768601,0.693426,0.856739,0.7263,0.822022,0.791405,0.77245,0.724734	0.128788,0.0394405,0.0671965,0.0655277,0.0564008,0.0270934,0.0609696,0.0675673,0.174496,0.0251425,-0.141225,0.057999,0.0152649,0.0504052,0.0425266,0.0374722,0.0886762,0.00943832,0.107569,0.043363
0.470327,0.588432,0.618061,0.489079,0.528531,0.49599,0.680452,0.506372,0.624956,0.488085,0.565539,0.615839,0.55385,0.497514,0.648564,0.544843,0.574667,0.535342,0.528836,0.569086	0.442527,0.620113,0.652064,0.538584,0.560018,0.522299,0.700173,0.47749,0.645169,0.511998,0.591742,0.61127,0.595968,0.532546,0.687656,0.597688,0.609346,0.596843,0.561609,0.554386	0.0351074,-0.0498838,-0.0569573,-0.067208,-0.0447255,-0.0355076,-0.0376659,0.0380922,-0.0338692,-0.0318801,-0.0393833,0.00732756,-0.0628708,-0.0476591,-0.0705615,-0.0783633,-0.0533674,-0.0903782,-0.046619,0.0214748
0.611143,0.797304,0.88248,0.698322,0.702433,0.667626,0.840147,0.660783,0.825912,0.753243,0.720774,0.742054,0.711583,0.655229,0.843704,0.662909,0.823913,0.767252,0.778711,0.67896	0.539622,0.78037,0.852145,0.685928,0.69061,0.63693,0.82959,0.635583,0.76795,0.740567,0.718634,0.724946,0.700143,0.640723,0.827861,0.651803,0.809357,0.767142,0.74968,0.637007	0.106714,0.0448213,0.122319,0.0237893,0.0229607,0.0534064,0.0348387,0.0434469,0.158478,0.0286672,0.00443849,0.0370256,0.022798,0.0250032,0.0525413,0.0195557,0.0436898,0.000267305,0.0697479,0.073926
0.613571,0.790292,0.880539,0.700612,0.694645,0.665326,0.842477,0.664196,0.829254,0.748051,0.71801,0.730849,0.702732,0.640943,0.842298,0.656927,0.828928,0.764748,0.772858,0.671753	0.540917,0.782209,0.848583,0.672202,0.690147,0.632636,0.831197,0.632162,0.765279,0.737923,0.716364,0.721228,0.701452,0.632926,0.8309,0.653426,0.80789,0.767234,0.742751,0.647144	0.108745,0.0211704,0.126411,0.053701,0.00863947,0.0564495,0.0376334,0.0552208,0.175085,0.0226078,0.00338873,0.0203467,0.00252497,0.0134894,0.0379774,0.00613526,0.0636908,-0.00601563,0.0706805,0.0435349
0.375708,0.581953,0.646125,0.418076,0.464321,0.474324,0.647806,0.37662,0.610324,0.473984,0.513724,0.503748,0.49971,0.423048,0.646282,0.46561,0.5815,0.560233,0.532589,0.437558	0.333334,0.531239,0.57584,0.355772,0.420075,0.415817,0.615322,0.380099,0.522783,0.436902,0.484793,0.489871,0.443851,0.372941,0.58742,0.399888,0.529434,0.497779,0.468118,0.41032	0.0484399,0.073409,0.111931,0.0731904,0.0549676,0.0728811,0.0540145,-0.00405995,0.128561,0.0467661,0.0385265,0.0184227,0.071779,0.0594926,0.0948844,0.0807592,0.0752246,0.0866054,0.0858829,0.0331987
0.368916,0.580885,0.64896,0.434918,0.466167,0.474419,0.647061,0.380441,0.615848,0.472148,0.523066,0.495451,0.486173,0.420919,0.640201,0.453998,0.584202,0.557174,0.536142,0.428286	0.325504,0.539758,0.57617,0.355837,0.429695,0.413888,0.613833,0.377065,0.521194,0.43772,0.494555,0.489719,0.44127,0.377049,0.586593,0.39644,0.525041,0.497788,0.470312,0.418422	0.0493365,0.0599119,0.116261,0.0935612,0.0456076,0.0753208,0.0551217,0.00394121,0.139396,0.0433963,0.03846,0.00756907,0.0571663,0.0521456,0.0858466,0.0701915,0.0853369,0.0821785,0.0880264,0.0120174
0.694631,0.85872,0.90828,0.794652,0.790916,0.753492,0.896145,0.771799,0.883708,0.812685,0.794863,0.829071,0.812164,0.768056,0.892765,0.796011,0.88278,0.833024,0.85508,0.783847	0.693512,0.867013,0.906549,0.779303,0.797928,0.751725,0.895415,0.765209,0.878015,0.815163,0.795327,0.835964,0.821661,0.774235,0.896838,0.80314,0.876681,0.835486,0.854013,0.800251	0.00215899,-0.0324591,0.00980557,0.0403151,-0.0190069,0.0040739,0.00369211,0.0160981,0.0254063,-0.00734135,-0.00126123,-0.0224577,-0.0285492,-0.0152435,-0.0204324,-0.0197644,0.0269733,-0.00809787,0.00395512,-0.044009
0.22003,0.20906,0.235995,0.348117,0.278524,0.218823,0.380895,0.314649,0.353871,0.126893,0.319213,0.386242,0.35437,0.317488,0.355484,0.374063,0.230664,0.145192,0.198362,0.383453	-0.263999,-0.521361,-0.703662,-0.391898,-0.415756,-0.354732,-0.541767,-0.361613,-0.534075,-0.578303,-0.333859,-0.337561,-0.338514,-0.330219,-0.524708,-0.253622,-0.614866,-0.541836,-0.53643,-0.24253	0.457456,0.658633,0.805839,0.651178,0.622228,0.532241,0.764834,0.607177,0.746805,0.656985,0.590176,0.640318,0.618669,0.586245,0.741824,0.573296,0.740506,0.636921,0.664124,0.57272
-0.151099,-0.16784,-0.126822,-0.205028,-0.222949,-0.10741,-0.264888,-0.241796,-0.196242,-0.115552,0.00218173,-0.303404,-0.275187,-0.21377,-0.23239,-0.279531,-0.172969,-0.144307,-0.187202,-0.263158	-0.168187,-0.195991,-0.296788,-0.209267,-0.245035,-0.193605,-0.353636,-0.2256,-0.313013,-0.234698,-0.107287,-0.241235,-0.219878,-0.249296,-0.263177,-0.242347,-0.247594,-0.254289,-0.233156,-0.184548	0.0175339,0.0291085,0.176614,0.00442992,0.0233617,0.0880258,0.0979211,-0.0171299,0.124413,0.122468,0.109443,-0.0670782,-0.058871,0.0375257,0.0327925,-0.039886,0.0779646,0.114172,0.048051,-0.0826222
-0.13175,-0.162501,-0.115119,-0.195907,-0.23562,-0.129564,-0.270495,-0.210451,-0.187567,-0.106332,-0.0146806,-0.318642,-0.276166,-0.227948,-0.234335,-0.280031,-0.142075,-0.152056,-0.20932,-0.259411	-0.162886,-0.190461,-0.289687,-0.224745,-0.253001,-0.213157,-0.337008,-0.223793,-0.31473,-0.248199,-0.114041,-0.255064,-0.219016,-0.271937,-0.246286,-0.236515,-0.237734,-0.251326,-0.252492,-0.164393	0.0318193,0.0288527,0.18059,0.0301664,0.0184826,0.0859673,0.0731847,0.0140014,0.13514,0.145713,0.0995271,-0.0692021,-0.0608286,0.0468952,0.0126831,-0.0466023,0.0990028,0.103215,0.04558,-0.0992505
-0.457026,-0.631961,-0.747395,-0.606655,-0.59877,-0.451159,-0.698413,-0.579501,-0.676169,-0.610752,-0.433585,-0.649465,-0.596965,-0.537461,-0.692599,-0.559234,-0.688835,-0.585212,-0.631358,-0.575287	-0.0591948,-0.0272101,-0.000785442,-0.0388756,-0.059519,-0.000847582,-0.0162231,-0.00945122,-0.0570004,-0.0395819,0.0657874,-0.047065,0.0110041,-0.017923,0.0238072,-0.0240058,0.0213827,-0.0252845,-0.00803774,-0.0390767	-0.408893,-0.615332,-0.747048,-0.581494,-0.559179,-0.450484,-0.690008,-0.573189,-0.64399,-0.58532,-0.485523,-0.621394,-0.604001,-0.524591,-0.704785,-0.542511,-0.699908,-0.568337,-0.6265,-0.548541
-0.457818,-0.620879,-0.744374,-0.586785,-0.587495,-0.457828,-0.702602,-0.562874,-0.67107,-0.599037,-0.425196,-0.652762,-0.602832,-0.525514,-0.69933,-0.566422,-0.677046,-0.587568,-0.624329,-0.571654	-0.0758779,-0.00707426,-0.00653494,-0.0276525,-0.034029,-0.00729434,-0.0120717,-0.0167294,-0.0591991,-0.0403582,0.0907376,-0.0527227,-0.00688869,-0.0155108,0.0189516,-0.0355097,0.023662,-0.0214704,-0.000407462,-0.0202107	-0.395685,-0.616512,-0.741445,-0.568355,-0.564756,-0.452044,-0.696437,-0.551336,-0.637184,-0.57252,-0.496768,-0.621426,-0.598429,-0.514194,-0.708886,-0.54181,-0.689659,-0.573331,-0.624081,-0.557889
0.171406,0.288399,0.307507,0.209555,0.184975,0.211227,0.241373,0.199163,0.317612,0.236335,0.298905,0.202442,0.230537,0.234421,0.284558,0.252329,0.320344,0.231074,0.299787,0.217134	0.153782,0.288715,0.302967,0.174464,0.191273,0.213335,0.279567,0.157387,0.301365,0.205587,0.310638,0.207138,0.234077,0.220217,0.314231,0.261967,0.291646,0.245522,0.301685,0.239758	0.0181016,-0.000344302,0.00500631,0.0364216,-0.00652915,-0.00220714,-0.0409579,0.0431276,0.0179663,0.0323185,-0.0129341,-0.00490174,-0.0037422,0.0149768,-0.0325864,-0.0103199,0.0316551,-0.0153164,-0.00208735,-0.023867
-0.403362,-0.591651,-0.7429,-0.576571,-0.539697,-0.41765,-0.664818,-0.506866,-0.657389,-0.584185,-0.506932,-0.565463,-0.515791,-0.469903,-0.660112,-0.460728,-0.664641,-0.542488,-0.587791,-0.500389	-0.256988,-0.20716,-0.204259,-0.341166,-0.290262,-0.194968,-0.333468,-0.28802,-0.335169,-0.14597,-0.252146,-0.381506,-0.312315,-0.296577,-0.30179,-0.351491,-0.186536,-0.147173,-0.185777,-0.378296	-0.163302,-0.438199,-0.634999,-0.293049,-0.295768,-0.242422,-0.425733,-0.256256,-0.413281,-0.479066,-0.292126,-0.234558,-0.242548,-0.201392,-0.447464,-0.130346,-0.545769,-0.429615,-0.451294,-0.150601
-0.417881,-0.583953,-0.741469,-0.557109,-0.522063,-0.410351,-0.667664,-0.508701,-0.655514,-0.575185,-0.487385,-0.560298,-0.521829,-0.450423,-0.667738,-0.468015,-0.663802,-0.541681,-0.572923,-0.498424	-0.272212,-0.190781,-0.205957,-0.326327,-0.269126,-0.198077,-0.330541,-0.293566,-0.335534,-0.144793,-0.227599,-0.381491,-0.322415,-0.288805,-0.307667,-0.357448,-0.183649,-0.143643,-0.175801,-0.366344	-0.164366,-0.442467,-0.63203,-0.28206,-0.294284,-0.231054,-0.432592,-0.252903,-0.410203,-0.469492,-0.292199,-0.227417,-0.239751,-0.185785,-0.453171,-0.13278,-0.546813,-0.431621,-0.441601,-0.161584
0.271926,0.390663,0.369196,0.347493,0.348569,0.300337,0.40133,0.341371,0.423522,0.305629,0.321534,0.424322,0.417758,0.387046,0.428572,0.435205,0.397103,0.331418,0.433732,0.399657	0.276688,0.395876,0.37616,0.323056,0.339691,0.280995,0.428352,0.335239,0.416882,0.285911,0.314583,0.409365,0.41706,0.357895,0.450881,0.442798,0.402472,0.337044,0.408845,0.421659	-0.00514947,-0.00616666,-0.00808707,0.0275277,0.0100707,0.0211253,-0.0326321,0.00692434,0.00806356,0.0216057,0.00773419,0.018101,0.000845098,0.0338388,-0.0276517,-0.00940546,-0.00639044,-0.00633302,0.0302525,-0.0264618
0.548484,0.722744,0.81272,0.664833,0.648369,0.566796,0.768419,0.644559,0.765551,0.682761,0.614831,0.710268,0.690051,0.631229,0.779929,0.668462,0.771014,0.674837,0.733099,0.654328	0.533791,0.734664,0.81026,0.671402,0.664739,0.561744,0.770513,0.639334,0.763769,0.681608,0.635017,0.707054,0.678961,0.632604,0.777479,0.660664,0.772554,0.677367,0.737584,0.666885	0.0207758,-0.0254147,0.00720499,-0.0118642,-0.0287698,0.00741207,-0.00513356,0.00888737,0.00429219,0.00215632,-0.0331154,0.00645596,0.0208664,-0.00228962,0.00622264,0.0139655,-0.00380884,-0.00466036,-0.00976457,-0.0222792
